1.413359999999999964e-02
1.585430000000000172e-02
1.608350000000000057e-02
1.564619999999999900e-02
1.578620000000000023e-02
1.510979999999999962e-02
1.494930000000000044e-02
1.444740000000000087e-02
1.511599999999999923e-02
1.555179999999999930e-02
1.678320000000000159e-02
1.780270000000000116e-02
1.789239999999999928e-02
1.835710000000000119e-02
1.928229999999999875e-02
1.917539999999999870e-02
1.945420000000000135e-02
2.001690000000000066e-02
2.079740000000000061e-02
2.025410000000000058e-02
2.106299999999999839e-02
2.169540000000000010e-02
2.201629999999999907e-02
2.102489999999999915e-02
2.050189999999999999e-02
2.081579999999999889e-02
2.156550000000000133e-02
2.112290000000000001e-02
2.184410000000000171e-02
2.290949999999999931e-02
2.265740000000000115e-02
2.234759999999999872e-02
2.206369999999999859e-02
2.172390000000000085e-02
2.151219999999999868e-02
2.134010000000000074e-02
2.103769999999999946e-02
2.099410000000000165e-02
2.038859999999999978e-02
2.058139999999999969e-02
1.899630000000000069e-02
1.910339999999999955e-02
1.855499999999999858e-02
1.840390000000000081e-02
1.760240000000000068e-02
1.697069999999999829e-02
1.695500000000000132e-02
1.779700000000000032e-02
1.796160000000000118e-02
1.808049999999999935e-02
1.796620000000000161e-02
1.734679999999999903e-02
1.737429999999999877e-02
1.736269999999999827e-02
1.694789999999999838e-02
1.529040000000000087e-02
1.459670000000000065e-02
1.445390000000000043e-02
1.468470000000000018e-02
1.382150000000000045e-02
1.223229999999999977e-02
1.119090000000000015e-02
1.010250000000000037e-02
9.287550000000000319e-03
9.512849999999999778e-03
8.895840000000000344e-03
8.409309999999999702e-03
7.590839999999999740e-03
5.819030000000000209e-03
4.891640000000000051e-03
4.450960000000000333e-03
3.261689999999999815e-03
2.895500000000000070e-03
2.241159999999999854e-03
1.667840000000000078e-03
2.183399999999999837e-03
1.563390000000000005e-03
8.762559999999999533e-04
3.718379999999999862e-04
-1.783259999999999999e-04
-9.838780000000000962e-04
-1.433950000000000025e-03
-1.391300000000000045e-03
-1.276039999999999987e-03
-1.722060000000000084e-03
-1.740800000000000030e-03
-2.192030000000000194e-03
-1.963560000000000045e-03
-2.935820000000000009e-03
-3.085329999999999843e-03
-3.399380000000000023e-03
-3.643560000000000115e-03
-4.846620000000000268e-03
-4.676210000000000089e-03
-4.916769999999999995e-03
-5.026049999999999789e-03
-5.424220000000000430e-03
-5.201629999999999622e-03
-5.147820000000000000e-03
-6.032659999999999585e-03
-6.255140000000000179e-03
-6.410110000000000113e-03
-6.912009999999999682e-03
-7.854589999999999836e-03
-7.519770000000000273e-03
-6.648249999999999646e-03
-7.097329999999999785e-03
-7.891659999999999994e-03
-7.918980000000000810e-03
-9.194890000000000702e-03
-9.663460000000000452e-03
-1.039950000000000076e-02
-1.241240000000000052e-02
-1.293560000000000022e-02
-1.312699999999999978e-02
-1.356800000000000020e-02
-1.283910000000000086e-02
-1.324990000000000022e-02
-1.419079999999999994e-02
-1.534779999999999998e-02
-1.611910000000000079e-02
-1.682470000000000146e-02
-1.609510000000000107e-02
-1.615209999999999910e-02
-1.652299999999999949e-02
-1.745889999999999942e-02
-1.769830000000000014e-02
-1.747730000000000117e-02
-1.764649999999999899e-02
-1.780460000000000029e-02
-1.726029999999999925e-02
-1.716070000000000095e-02
-1.704920000000000047e-02
-1.593740000000000087e-02
-1.521920000000000044e-02
-1.594840000000000146e-02
-1.702079999999999912e-02
-1.720649999999999957e-02
-1.754040000000000113e-02
-1.743729999999999933e-02
-1.870410000000000128e-02
-1.846590000000000037e-02
-1.906640000000000071e-02
-1.914580000000000101e-02
-1.950790000000000163e-02
-1.910639999999999908e-02
-1.945250000000000104e-02
-1.994450000000000042e-02
-1.991489999999999927e-02
-2.010500000000000134e-02
-2.019280000000000033e-02
-1.920010000000000119e-02
-1.833840000000000123e-02
-1.824790000000000093e-02
-1.756059999999999913e-02
-1.751700000000000132e-02
-1.837559999999999888e-02
-1.922799999999999856e-02
-1.824730000000000102e-02
-1.767940000000000136e-02
-1.762330000000000146e-02
-1.829369999999999954e-02
-1.765030000000000071e-02
-1.762060000000000015e-02
-1.741020000000000068e-02
-1.742219999999999880e-02
-1.648190000000000072e-02
-1.591470000000000037e-02
-1.533110000000000028e-02
-1.426340000000000073e-02
-1.294350000000000014e-02
-1.242590000000000014e-02
-1.190659999999999982e-02
-1.249399999999999990e-02
-1.210100000000000064e-02
-1.211150000000000074e-02
-1.149709999999999968e-02
-1.096180000000000071e-02
-9.892339999999999467e-03
-7.791740000000000124e-03
